3 0.28359375 0.07430555555555556 0.284375 0.08402777777777778 0.283203125 0.10347222222222222 0.2859375 0.10625 0.294921875 0.10625 0.300390625 0.10208333333333333 0.30859375 0.10625 0.33359375 0.10486111111111111 0.370703125 0.10972222222222222 0.412109375 0.10625 0.416015625 0.10069444444444445 0.423046875 0.09861111111111111 0.413671875 0.08847222222222223 0.413671875 0.07291666666666667 0.41171875 0.06527777777777778 0.407421875 0.06666666666666667 0.40546875 0.07361111111111111 0.397265625 0.0763888888888889 0.384765625 0.0763888888888889 0.365234375 0.07152777777777777 0.359765625 0.0763888888888889 0.346484375 0.07708333333333334 0.340625 0.0875 0.33125 0.07708333333333334 0.304296875 0.075 0.298828125 0.06736111111111111 0.299609375 0.06319444444444444 0.297265625 0.06041666666666667 0.28984375 0.06319444444444444 0.285546875 0.06041666666666667 0.280859375 0.06180555555555556 0.280078125 0.06458333333333334 0.28359375 0.07430555555555556
3 0.5921875 0.09791666666666667 0.601953125 0.10833333333333334 0.651171875 0.1076388888888889 0.676171875 0.10486111111111111 0.709765625 0.10555555555555556 0.71484375 0.10208333333333333 0.7140625 0.09652777777777778 0.716015625 0.08402777777777778 0.713671875 0.07708333333333334 0.71015625 0.07569444444444444 0.705078125 0.07777777777777778 0.6828125 0.07708333333333334 0.66796875 0.07361111111111111 0.66484375 0.06319444444444444 0.659375 0.07291666666666667 0.605078125 0.0763888888888889 0.59296875 0.0875 0.59140625 0.09444444444444444 0.5921875 0.09791666666666667
3 0.426171875 0.10416666666666667 0.427734375 0.10625 0.461328125 0.10902777777777778 0.498046875 0.10694444444444444 0.500390625 0.10277777777777777 0.500390625 0.06388888888888888 0.4984375 0.06041666666666667 0.49375 0.06041666666666667 0.491015625 0.06527777777777778 0.48515625 0.06736111111111111 0.48125 0.06041666666666667 0.47734375 0.06111111111111111 0.473828125 0.06875 0.469921875 0.06805555555555555 0.4640625 0.075 0.455078125 0.06319444444444444 0.45078125 0.06111111111111111 0.44296875 0.06388888888888888 0.430078125 0.06111111111111111 0.42734375 0.06388888888888888 0.425390625 0.09513888888888888 0.426171875 0.10416666666666667
3 0.510546875 0.09027777777777778 0.519921875 0.10902777777777778 0.52265625 0.11041666666666666 0.534765625 0.10625 0.539453125 0.10208333333333333 0.54140625 0.09722222222222222 0.542578125 0.08472222222222223 0.538671875 0.06319444444444444 0.534375 0.059722222222222225 0.529296875 0.059722222222222225 0.5171875 0.06597222222222222 0.508203125 0.07777777777777778 0.510546875 0.09027777777777778
3 0.549609375 0.09166666666666666 0.55625 0.10486111111111111 0.578125 0.10486111111111111 0.583203125 0.09930555555555555 0.586328125 0.08819444444444445 0.57890625 0.0763888888888889 0.561328125 0.07222222222222222 0.557421875 0.07222222222222222 0.553515625 0.0798611111111111 0.55 0.08055555555555556 0.55078125 0.08819444444444445 0.549609375 0.09166666666666666
0 0.46484375 0.3875 0.471484375 0.41041666666666665 0.471484375 0.4215277777777778 0.46953125 0.42986111111111114 0.4671875 0.43333333333333335 0.462890625 0.4326388888888889 0.47265625 0.44305555555555554 0.48095703125 0.44305555555555554 0.484375 0.4465277777777778 0.49140625 0.4652777777777778 0.503125 0.46319444444444446 0.504296875 0.45694444444444443 0.495703125 0.44513888888888886 0.492578125 0.43333333333333335 0.48515625 0.42916666666666664 0.48203125 0.4215277777777778 0.47734375 0.3875 0.47890625 0.37569444444444444 0.467578125 0.3645833333333333 0.458203125 0.37430555555555556 0.457421875 0.37916666666666665 0.46484375 0.3875
0 0.444921875 0.5180555555555556 0.46015625 0.5194444444444445 0.466015625 0.5118055555555555 0.46328125 0.4875 0.46171875 0.4861111111111111 0.459765625 0.48541666666666666 0.453515625 0.49166666666666664 0.442578125 0.4930555555555556 0.441015625 0.49583333333333335 0.44296875 0.5145833333333333 0.444921875 0.5180555555555556
0 0.53125 0.44930555555555557 0.531640625 0.45416666666666666 0.533984375 0.45694444444444443 0.53671875 0.45625 0.5390625 0.44305555555555554 0.54296875 0.4361111111111111 0.544921875 0.42569444444444443 0.54609375 0.4076388888888889 0.54453125 0.39791666666666664 0.545703125 0.3888888888888889 0.54375 0.3854166666666667 0.541796875 0.3875 0.54140625 0.4263888888888889 0.53125 0.44930555555555557
0 0.43671875 0.46319444444444446 0.43671875 0.4736111111111111 0.442578125 0.48194444444444445 0.44375 0.46944444444444444 0.447265625 0.45625 0.446484375 0.44722222222222224 0.442578125 0.44305555555555554 0.434375 0.45555555555555555 0.433984375 0.4597222222222222 0.43671875 0.46319444444444446
0 0.429296875 0.525 0.4328125 0.5201388888888889 0.432421875 0.5145833333333333 0.430078125 0.5125 0.425 0.5118055555555555 0.419921875 0.5152777777777777 0.415625 0.5291666666666667 0.429296875 0.525
0 0.2578125 0.5618055555555556 0.2625 0.5604166666666667 0.268359375 0.5409722222222222 0.27890625 0.5256944444444445 0.280078125 0.5208333333333334 0.276171875 0.5145833333333333 0.269140625 0.5125 0.2640625 0.5208333333333334 0.2546875 0.5291666666666667 0.2484375 0.5493055555555556 0.247265625 0.5569444444444445 0.2578125 0.5618055555555556
2 0.2671875 0.6451388888888889 0.26875 0.675 0.273046875 0.6902777777777778 0.276171875 0.69375 0.2828125 0.6944444444444444 0.298828125 0.6791666666666667 0.301171875 0.6791666666666667 0.308203125 0.6847222222222222 0.32421875 0.6909722222222222 0.3359375 0.6909722222222222 0.3609375 0.70625 0.37265625 0.7041666666666667 0.389453125 0.7277777777777777 0.39296875 0.7263888888888889 0.403125 0.7645833333333333 0.411328125 0.7805555555555556 0.4234375 0.7951388888888888 0.4296875 0.8173611111111111 0.42734375 0.8277777777777777 0.428125 0.8305555555555556 0.432421875 0.8291666666666667 0.43671875 0.8201388888888889 0.441015625 0.8048611111111111 0.441015625 0.7854166666666667 0.430859375 0.7652777777777777 0.426953125 0.7472222222222222 0.413671875 0.7111111111111111 0.41171875 0.6916666666666667 0.4078125 0.6770833333333334 0.40859375 0.6472222222222223 0.40703125 0.6333333333333333 0.40234375 0.6152777777777778 0.396484375 0.6041666666666666 0.383984375 0.5965277777777778 0.374609375 0.5819444444444445 0.366015625 0.5729166666666666 0.355859375 0.56875 0.353125 0.5611111111111111 0.352734375 0.5479166666666667 0.3578125 0.5305555555555556 0.358984375 0.5055555555555555 0.361328125 0.4979166666666667 0.357421875 0.4888888888888889 0.3578125 0.47152777777777777 0.355078125 0.45208333333333334 0.34921875 0.4423611111111111 0.341796875 0.4340277777777778 0.330078125 0.43194444444444446 0.320703125 0.4340277777777778 0.313671875 0.4395833333333333 0.30625 0.4548611111111111 0.30234375 0.47708333333333336 0.30390625 0.4861111111111111 0.29765625 0.49444444444444446 0.297265625 0.5006944444444444 0.3 0.5159722222222223 0.30625 0.5256944444444445 0.308984375 0.5354166666666667 0.31171875 0.5541666666666667 0.305859375 0.5625 0.290625 0.5597222222222222 0.2828125 0.5618055555555556 0.2703125 0.5756944444444444 0.267578125 0.5840277777777778 0.266015625 0.5923611111111111 0.2671875 0.6451388888888889
1 0.227734375 0.44166666666666665 0.243359375 0.45902777777777776 0.248046875 0.4597222222222222 0.25234375 0.4465277777777778 0.259765625 0.4361111111111111 0.29453125 0.4076388888888889 0.303515625 0.4354166666666667 0.299609375 0.4409722222222222 0.292578125 0.46458333333333335 0.282421875 0.48125 0.277734375 0.49583333333333335 0.267578125 0.5159722222222223 0.257421875 0.5291666666666667 0.255078125 0.5291666666666667 0.252734375 0.5368055555555555 0.24765625 0.5388888888888889 0.240625 0.55 0.241015625 0.5534722222222223 0.243359375 0.5555555555555556 0.256640625 0.5611111111111111 0.262109375 0.5597222222222222 0.267578125 0.5409722222222222 0.292578125 0.5048611111111111 0.2953125 0.4888888888888889 0.297265625 0.4888888888888889 0.300390625 0.48333333333333334 0.301171875 0.4666666666666667 0.30703125 0.44722222222222224 0.313671875 0.4375 0.32421875 0.4284722222222222 0.341015625 0.42986111111111114 0.353515625 0.44166666666666665 0.354296875 0.44583333333333336 0.356640625 0.4465277777777778 0.365234375 0.49583333333333335 0.36015625 0.5006944444444444 0.360546875 0.5083333333333333 0.3875 0.5222222222222223 0.394921875 0.5222222222222223 0.398828125 0.51875 0.430078125 0.4673611111111111 0.431640625 0.4597222222222222 0.43984375 0.44375 0.44140625 0.44305555555555554 0.448828125 0.45902777777777776 0.452734375 0.47708333333333336 0.459765625 0.4840277777777778 0.470703125 0.47708333333333336 0.473828125 0.45416666666666666 0.4703125 0.43680555555555556 0.46015625 0.4284722222222222 0.453125 0.40902777777777777 0.451953125 0.38784722222222223 0.455078125 0.3763888888888889 0.4546875 0.36736111111111114 0.449609375 0.32083333333333336 0.445703125 0.3145833333333333 0.4390625 0.31666666666666665 0.421875 0.34930555555555554 0.415234375 0.3541666666666667 0.40703125 0.3541666666666667 0.4015625 0.3506944444444444 0.39765625 0.34444444444444444 0.39375 0.3451388888888889 0.391015625 0.35347222222222224 0.374609375 0.3486111111111111 0.34140625 0.3458333333333333 0.33046875 0.34791666666666665 0.308984375 0.3611111111111111 0.3015625 0.3625 0.28359375 0.3770833333333333 0.252734375 0.41944444444444445 0.226953125 0.4361111111111111 0.226171875 0.4388888888888889 0.227734375 0.44166666666666665